1
1
2
1
1
1
1
41
1
1
1
1
2
6
1
1
1
1
1
1
2
1
15
1
1
1
1
1
1
11
1
1
5
1
1
1
1
1
1
1
1
1
1
1
1
3
2
1
15
2
1
1
1
1
1
4
1
1
1
1
1
1
1
2
1
1
1
1
1
1
1
13
1
1
1
1
2
1
5
2
2
22
1
1
2
1
1
1
2
6
1
1
1
2
1
1
1
1
11
1
1
1
2
1
1
1
1
1
1
1
1
3
1
2
1
2
1
4
1
1
1
1
11
1
1
1
1
1
1
1
1
1
2
17
1
8
1
17
11
1
1
1
1
1
14
1
2
1
1
1
1
5
1
1
1
1
1
1
2
1
2
1
3
1
1
7
1
2
1
1
23
1
1
1
1
1
2
1
2
1
1
1
2
1
13
3
1
2
19
1
1
1
3
2
1
5
1
1
1
1
4
7
1
1
1
1
1
2
2
1
1
1
1
1
1
18
1
1
15
1
1
5
2
2
1
2
1
1
8
1
1
1
1
1
21
5
5
8
5
1
5
2
1
3
1
1
1
22
2
1
10
1
1
10
1
1
1
1
1
19
1
1
3
1
1
2
1
1
1
1
1
37
1
1
1
1
1
1
1
1
1
1
1
17
1
1
1
2
1
2
3
2
1
1
1
1
1
1
1
1
2
1
1
1
1
1
1
1
1
1
2
1
12
1
1
47
1
1
1
1
1
1
1
2
1
1
1
27
1
1
8
3
1
1
1
1
1
1
1
34
1
1
1
1
1
1
1
1
2
2
1
4
1
16
1
1
1
12
1
5
2
1
2
1
1
7
1
1
10
1
36
1
1
1
1
1
1
1
10
9
1
11
1
2
1
1
6
1
1
2
1
1
1
1
1
1
3
1
1
4
1
1
1
4
1
1
1
1
1
15
1
1
1
1
1
36
1
1
1
6
1
2
1
1
1
1
1
1
2
1
1
1
1
7
2
49
1
5
2
1
1
1
1
1
1
1
1
23
1
1
1
1
1
1
1
2
4
1
14
1
1
5
3
2
1
3
2
3
5
1
1
1
1
1
1
2
2
5
1
1
4
1
1
1
4
2
1
1
1
3
1
1
1
1
1
10
1
1
5
1
1
1
1
1
1
18
1
3
10
1
1
3
1
1
1
2
1
1
1
2
1
2
4
1
1
1
1
1
1
2
1
1
1
6
1
1
1
12
1
1
1
3
1
1
1
1
1
1
76
1
1
1
1
1
1
1
4
1
19
1
1
1
1
1
1
1
1
1
1
1
44
1
1
1
13
1
1
1
1
2
1
1
1
1
2
1
1
1
1
1
2
2
5
1
29
1
1
1
1
1
2
1
1
1
3
1
11
2
1
1
1
11
1
18
15
1
1
1
7
1
1
5
1
1
1
1
2
1
1
1
1
1
1
4
1
1
3
1
1
4
1
1
1
1
1
1
1
1
2
2
1
1
1
1
14
1
1
2
1
1
1
1
1
1
1
1
1
1
1
1
1
1
3
1
1
1
1
1
1
1
22
1
5
1
1
1
1
8
1
1
1
4
1
1
1
1
2
1
1
3
10
19
4
1
5
1
18
1
5
1
1
1
5
1
1
2
1
1
2
5
1
22
1
1
1
1
2
1
4
1
12
2
1
37
1
1
1
1
1
7
28
10
5
1
2
1
1
1
1
1
1
1
1
1
1
2
2
1
1
25
1
1
1
1
1
1
1
1
1
1
1
8
3
25
10
6
5
1
10
1
4
1
1
1
1
1
4
1
1
2
1
1
1
2
2
1
1
1
2
1
1
1
2
1
2
1
1
1
1
1
31
2
1
2
2
1
1
1
1
1
1
1
1
2
1
1
2
1
1
2
35
1
1
2
2
1
1
1
1
1
2
2
1
1
1
29
2
1
1
2
1
1
1
1
1
1
1
1
1
1
33
1
1
1
2
1
1
1
3
1
1
1
1
1
1
2
1
1
1
1
1
1
1
1
2
10
1
1
1
1
10
4
1
1
1
1
1
1
1
13
1
1
1
1
1
1
1
1
1
1
1
35
3
1
30
2
1
1
1
12
1
14
1
1
1
1
2
2
1
1
1
1
33
1
1
1
1
1
1
1
1
1
1
1
1
1
1
1
9
1
1
1
2
1
1
1
2
1
1
2
1
1
11
2
2
1
1
1
1
2
1
1
1
1
1
2
1
3
1
1
3
1
1
10
1
1
1
1
1
1
1
1
1
1
24
1
2
1
1
3
1
1
1
1
1
4
5
1
1
26
1
1
1
1
31
1
1
1
1
1
1
1
1
1
1
2
2
3
1
1
1
1
1
1
6
1
23
1
1
1
1
1
1
1
1
1
2
1
5
1
1
1
1
1
1
51
26
1
2
1
1
1
1
1
1
6
3
1
2
1
1
3
2
1
1
3
1
1
1
1
40
1
1
1
1
1
1
1
5
2
1
1
1
14
7
11
3
1
1
3
1
5
3
4
36
3
10
5
3
2
1
1
3
3
1
13
17
60
1
1
11
26
1
1
2
1
1
1
1
1
1
1
2
34
2
1
1
2
1
1
1
5
1
1
1
2
60
1
1
2
2
1
1
1
1
1
1
28
1
1
2
1
1
1
2
1
1
1
2
2
1
1
1
1
1
3
7
1
1
1
1
1
2
1
1
1
4
1
1
1
1
1
1
3
1
1
1
1
21
1
1
2
1
1
1
1
1
1
1
1
1
1
4
1
1
62
1
1
1
2
1
6
1
1
1
4
1
1
1
2
1
1
1
1
33
1
3
7
5
3
1
1
5
1
1
1
1
1
92
1
1
1
2
1
1
1
1
1
1
1
1
1
1
1
8
1
1
29
1
1
1
1
1
18
5
2
1
3
2
1
1
1
1
2
1
3
1
1
2
1
16
1
81
1
3
1
1
1
1
1
14
1
1
1
1
1
2
1
1
1
1
2
1
1
1
1
14
1
22
1
2
1
1
1
27
1
1
1
1
2
3
1
1
1
1
3
2
1
1
1
1
7
1
1
1
1
1
1
1
1
1
1
18
1
1
1
1
2
2
1
1
19
1
1
1
1
5
1
2
1
1
1
1
1
2
1
1
1
1
1
1
1
1
1
1
1
2
2
1
1
33
12
2
3
1
1
1
1
1
3
43
1
1
1
10
1
1
1
1
1
1
1
1
1
1
1
1
1
6
2
1
17
18
2
1
1
1
1
2
2
1
1
1
9
1
3
142
1
9
1
1
1
1
1
1
1
1
1
1
2
9
1
1
1
2
1
1
29
1
1
1
1
1
19
1
1
1
1
1
1
1
1
1
1
1
1
2
1
1
2
1
1
4
1
2
1
5
2
6
1
1
1
1
1
1
2
1
8
1
1
2
5
1
1
1
5
4
1
1
10
1
1
2
1
3
1
1
1
1
1
1
3
1
1
1
1
2
1
1
1
1
1
9
1
18
1
2
1
31
1
3
1
1
1
1
1
1
1
3
1
5
1
1
1
1
30
2
1
1
56
1
1
1
1
1
1
2
1
1
1
1
4
1
1
1
1
2
1
12
2
5
1
1
1
1
2
1
1
2
1
2
1
1
1
1
1
1
1
1
1
10
1
1
5
1
1
1
1
4
75
1
1
2
1
4
1
1
1
4
1
1
14
41
1
1
2
3
1
1
1
1
2
1
1
1
1
2
1
1
1
1
1
3
4
1
1
1
1
1
2
1
1
1
1
1
97
1
1
1
1
1
2
1
2
1
1
1
1
35
1
2
2
1
2
1
2
1
2
2
2
5
1
8
1
2
1
1
1
1
2
1
1
1
1
1
6
1
4
1
7
3
1
1
12
1
45
1
1
1
1
2
1
1
1
6
9
1
1
1
1
1
1
1
2
3
1
1
2
3
28
3
4
1
1
1
1
1
1
1
52
1
1
2
1
1
7
1
32
1
1
1
11
1
1
2
2
1
1
1
1
2
1
1
2
2
1
1
6
2
1
1
5
12
1
1
2
1
1
1
4
1
1
1
1
1
3
1
1
1
1
1
1
2
1
1
3
2
1
1
2
1
1
1
1
19
1
1
1
1
17
1
1
1
1
1
2
2
1
1
1
1
1
1
2
1
2
1
10
1
1
2
4
1
1
1
1
1
1
1
2
1
1
1
1
3
1
4
1
1
1
2
1
4
1
3
1
2
1
2
1
1
1
2
19
1
1
9
1
2
6
2
1
1
1
8
1
1
1
12
1
1
1
1
3
1
1
1
1
1
1
2
1
1
1
1
1
1
1
1
1
1
40
1
1
18
2
1
1
4
1
1
2
1
2
1
1
1
1
2
1
1
1
7
2
2
4
1
2
2
32
1
1
1
1
45
3
2
1
1
1
1
1
1
1
1
1
3
1
2
1
1
1
3
2
4
22
1
10
7
1
81
16
1
1
1
1
1
2
1
1
14
1
37
1
1
27
5
1
1
1
1
1
1
1
1
1
2
1
1
1
2
2
1
1
1
1
24
1
1
1
4
1
1
1
1
1
1
1
1
1
1
1
1
1
1
1
1
2
1
1
8
10
44
53
12
15
2
33
1
8
1
