71
167
179
327
364
411
413
493
495
496
497
526
557
559
672
685
736
771
794
821
860
872
909
927
942
967
999
1030
1058
1110
1314
1333
1363
1422
1547
1612
1723
1736
1818
1832
1842
1868
1877
1888
1900
1965
1975
1987
1990
1994
2011
2062
2078
2148
2171
2198
2218
2309
2577
2655
2663
2700
2722
2760
2787
2892
2906
3000
3027
3118
3120
3256
3295
3305
3466
3469
3559
3612
3668
3714
3759
3762
3802
3838
3861
3878
3892
3897
4026
4028
4040
4041
4065
4066
4071
4106
4108
4132
4172
4256
4301
4344
4493
4510
4577
4664
4792
4797
4820
4892
4911
4931
4959
4979
5046
5061
5069
5090
5105
5127
5129
5134
5238
5315
5351
5387
5391
5423
5464
5474
5475
5492
5512
5522
5542
5595
5634
5699
5705
5731
5834
5859
5873
5890
5948
5971
5972
6034
6064
6093
6198
6216
6395
6468
6471
6584
6662
6665
6790
6944
6945
6969
6986
7114
7116
7135
7204
7224
7321
7341
7461
7470
7516
7546
7568
7582
7587
7589
7779
7793
7814
7826
7906
7908
7950
8007
8051
8204
8219
8356
8494
8509
8764
8803
8810
8813
8857
8875
8962
8977
9051
9145
9154
9171
9246
9328
9442
9465
9467
9471
9570
9589
9638
9701
9799
9800
9814
9815
9828
9847
9858
9972
9987
10040
10057
10060
10062
10125
10152
10156
10182
10253
10262
10283
10315
10535
10552
10593
10595
10605
10608
10642
10669
10672
10678
10689
10692
10710
10717
10735
10740
10745
10754
10756
10791
10904
10912
10917
10999
11083
11092
11099
11176
11256
11261
11268
11352
11394
11397
11402
11407
11448
11494
11499
11512
11517
11551
11582
11636
11667
11684
11790
11854
11888
11905
11908
11929
11978
12017
12049
12151
12160
12201
12231
12306
12312
12338
12406
12480
12489
12582
12583
12589
12608
12648
12670
12822
12870
12928
12948
13013
13127
13130
13237
13249
13303
13334
13340
13359
13369
13371
13383
13387
13532
13535
13557
13712
13732
13772
13784
13828
13903
13971
13972
13985
14028
14031
14225
14231
14248
14270
14421
14470
14485
14519
14528
14596
14620
14622
14675
14817
14829
14922
14971
15025
15047
15177
15180
15198
15212
15213
15228
15302
15354
15378
15542
15560
15565
15616
15741
15746
15861
15888
15912
16060
16362
16436
16487
16539
16568
16609
16714
16756
16815
16816
16859
16902
16960
16965
17040
17075
17132
17224
17230
17414
17443
17472
17487
17506
17551
17677
17784
17795
17917
17983
17990
17994
18008
18145
18186
18204
18254
18270
18366
18402
18412
18425
18447
18450
18502
18527
18660
18673
18741
18859
18878
18992
18993
18999
19017
19026
19031
19060
19140
19153
19155
19161
19176
19180
19182
19185
19253
19264
19278
19311
19395
19411
19421
19501
19589
19620
19641
19713
19749
19799
19801
19802
19806
19828
19996
20109
20150
20156
20185
20187
20248
20270
20354
20398
20541
20544
20576
20638
20690
20692
20762
20769
20809
20815
20861
20869
20872
20881
20893
20906
20959
21054
21080
21115
21215
21230
21327
21379
21406
21441
21447
21513
21531
21537
21548
21650
21710
21790
21805
21854
21863
21866
21899
22010
22021
22029
22041
22045
22152
22235
22377
22472
22489
22493
22553
22571
22658
22740
22742
22744
22805
22811
22831
22836
22869
22893
22896
22922
22987
23052
23058
23078
23081
23085
23123
23207
23385
23467
23613
23666
23742
23776
23779
23795
23796
23821
23847
23852
23911
23960
23994
24050
24058
24088
24185
24195
24252
24342
24369
24373
24406
24598
24603
24606
24663
24674
24680
24803
24804
24978
25067
25146
25168
25171
25192
25194
25215
25236
25265
25426
25482
25486
25524
25785
25796
25893
25895
25914
25975
26014
26027
26136
26169
26184
26185
26186
26216
26250
26286
26308
26322
26339
26455
26491
26499
26629
26655
26806
26825
26913
26938
26958
26959
27031
27056
27066
27090
27156
27237
27287
27334
27495
27501
27514
27519
27547
27548
27556
27617
27634
27639
27659
27663
27677
27682
27683
27724
27768
27827
27833
27838
27842
27867
27884
27960
28050
28165
28273
28290
28309
28313
28496
28593
28622
28676
28736
28924
28934
28966
28984
29035
29041
29073
29141
29167
29176
29210
29303
29378
29408
29431
29435
29450
29452
29454
29463
29498
29506
29515
29568
29569
29601
29620
29621
29634
29652
29734
29744
29782
29789
29795
29824
29831
29842
29910
29915
29943
29949
29959
30037
30038
30105
30126
30136
30147
30161
30170
30248
30314
30343
30379
30404
30406
30529
30570
30586
30656
30658
30792
30795
30849
30872
30895
30912
30927
30934
30958
30970
30971
30972
30984
31128
31169
31178
31189
31258
31399
31421
31591
31600
31666
31760
31785
31856
31886
31927
31929
31955
31964
31965
31971
31992
31998
32017
32023
32045
32068
32093
32106
32129
32209
32324
32346
32399
32496
32527
32697
32698
32699
32700
32702
32703
32704
32706
32707
32709
2218
2258
2280
2305
2309
2334
2358
2391
2394
2400
2485
2497
2508
2577
2677
2685
2718
2727
2737
2758
2760
2912
2916
2922
2941
3118
3131
3134
3201
3256
3309
3326
3327
3351
3458
3478
3507
3520
3521
3559
3560
3562
3579
3634
3668
3687
3714
3753
3759
3762
3793
3804
3815
3838
3885
3889
3922
3945
3949
3957
3962
3970
3980
3997
4028
4032
4036
4040
4041
4042
4055
4082
4090
4106
4108
4110
4116
4123
4150
4172
4176
4292
4301
4335
4366
4370
4400
4431
4556
4560
4602
4664
4668
4712
4721
4772
4820
4838
4843
4882
4916
4924
4951
4959
4979
5001
5016
5046
5061
5069
5090
5127
5128
5134
5136
5215
5218
5234
5238
5254
5264
5304
5315
5351
5380
5389
5472
5475
5492
5500
5522
5553
5564
5595
5630
5667
5678
5698
5699
5702
5705
5723
5754
5790
5820
5831
5873
5889
5898
5916
5931
5948
5955
5972
5985
5994
6009
6034
6048
6064
6092
6093
6101
6155
6157
6201
6213
6216
6220
6226
6236
6238
6275
6277
6363
6366
6369
6371
6381
6443
6452
6465
6471
6650
6660
6687
6761
6768
6817
6829
6830
6881
6900
6901
6938
6963
6969
6986
7011
7030
7076
7114
7135
7194
7199
7209
7223
7224
7309
7321
7340
7449
7455
7461
7465
7747
7779
7785
7789
7803
7814
7830
7889
7897
7899
7906
7911
7927
7950
7957
8010
8071
8145
8219
8220
8242
8338
8356
8387
8395
8410
8442
8507
8543
8764
8802
8813
8852
8857
8859
8945
9008
9029
9051
9095
9145
9154
9199
9314
9517
9528
9534
9601
9608
9610
9622
9623
9640
9704
9712
9727
9738
9769
9785
9799
9800
9814
9815
9827
9830
9842
9849
9871
9883
9972
9987
9992
9993
10004
10035
10040
10041
10061
10062
10076
10088
10092
10110
10121
10152
10191
10193
10195
10229
10332
10389
10528
10535
10552
10562
10566
10568
10593
10595
10608
10610
10611
10613
10618
10622
10631
10642
10672
10678
10679
10680
10681
10682
10685
10687
10690
10692
10694
10696
10700
10701
10710
10713
10720
10740
10756
10794
10795
10796
10801
10824
10851
10872
10873
10895
10917
10997
11083
11092
11109
11168
11176
11181
11224
11249
11268
11285
11297
11347
11437
11448
11616
11666
11668
11684
11685
11727
11734
11790
11792
11862
11888
11896
11903
11905
11924
11925
11950
11972
11974
12017
12028
12049
12050
12057
12160
12200
12215
12219
12231
12236
12298
12299
12411
12428
12440
12480
12489
12557
12571
12582
12611
12616
12619
12635
12647
12670
12672
12683
12716
12726
12741
12766
12788
12819
12866
12870
12959
13001
13011
13051
13093
13121
13145
13159
13228
13237
13249
13296
13303
13316
13333
13340
13342
13360
13383
13387
13497
13511
13532
13534
13535
13543
13547
13642
13694
13712
13723
13732
13769
13772
13828
13903
13963
13964
13965
13969
13975
14023
14224
14225
14237
14248
14270
14275
14309
14421
14459
14471
14523
14575
14576
14598
14678
14686
14749
14814
14816
14829
14832
14856
14971
14980
14983
15095
15159
15167
15180
15212
15218
15236
15302
15304
15308
15320
15347
15378
15517
15537
15542
15546
15571
15572
15574
15616
15663
15746
15879
15888
15890
15894
15923
16056
16099
16141
16212
16286
16289
16300
16301
16309
16369
16396
16399
16433
16436
16470
16476
16487
16490
16539
16540
16568
16577
16597
16618
16655
16675
16714
16715
16716
16722
16793
16799
16807
16815
16830
16849
16875
16902
16934
16942
16989
16993
16997
17040
17143
17144
17159
17166
17215
17221
17224
17226
17255
17312
17359
17363
17372
17385
17414
17424
17471
17487
17520
17551
17565
17636
17689
17701
17717
17744
17749
17750
17803
17809
17841
17842
17862
17872
17907
17917
17925
17946
17987
18025
18043
18053
18081
18125
18145
18147
18177
18179
18186
18191
18206
18225
18229
18238
18241
18270
18332
18402
18412
18431
18442
18475
18502
18527
18637
18639
18697
18712
18764
18773
18787
18788
18859
18881
18924
18929
18945
18976
18992
18999
19031
19037
19073
19087
19088
19098
19099
19111
19113
19116
19127
19140
19152
19153
19155
19167
19176
19181
19185
19188
19192
19200
19204
19215
19242
19245
19248
19249
19253
19262
19264
19349
19352
19381
19389
19421
19460
19522
19713
19783
19806
19828
19836
19840
19886
19991
20011
20079
20093
20115
20124
20150
20151
20153
20156
20172
20180
20187
20213
20231
20237
20238
20283
20285
20354
20363
20398
20473
20510
20569
20639
20672
20691
20692
20758
20762
20767
20770
20778
20809
20827
20850
20852
20869
20874
20893
20904
20906
20922
20944
20974
21043
21054
21059
21070
21107
21115
21159
21196
21215
21256
21276
21296
21303
21345
21351
21360
21377
21389
21406
21412
21413
21447
21458
21513
21535
21537
21544
21548
21567
21579
21580
21581
21601
21608
21612
21615
21639
21650
21790
21805
21807
21839
21863
21866
21960
21987
22010
22021
22027
22039
22041
22125
22260
22301
22331
22379
22472
22521
22550
22563
22566
22643
22649
22653
22728
22740
22744
22755
22782
22795
22823
22862
22987
23057
23065
23081
23118
23207
23223
23336
23341
23385
23386
23388
23405
23413
23453
23467
23502
23583
23666
23703
23718
23742
23748
23779
23795
23847
23909
23927
23956
23960
23974
24001
24006
24008
24040
24049
24050
24088
24110
24120
24131
24168
24172
24190
24204
24214
24215
24237
24245
24252
24253
24269
24285
24287
24321
24348
24369
24373
24406
24414
24429
24448
24571
24578
24580
24591
24598
24606
24634
24637
24674
24677
24680
24687
24688
24705
24731
24732
24811
24812
24887
24889
24940
24978
24980
25041
25078
25106
25137
25168
25177
25178
25191
25192
25194
25199
25211
25214
25268
25342
25348
25359
25478
25511
25582
25600
25610
25643
25738
25785
25793
25794
25893
25909
25914
25915
25947
25961
25975
25979
26014
26032
26088
26137
26138
26139
26146
26149
26169
26184
26186
26188
26209
26211
26235
26250
26252
26259
26260
26263
26281
26286
26302
26308
26339
26451
26455
26458
26493
26518
26561
26586
26619
26641
26655
26661
26729
26752
26825
26853
26901
26902
26913
26959
27031
27036
27090
27132
27133
27174
27223
27250
27270
27287
27298
27342
27351
27353
27388
27414
27415
27493
27495
27508
27513
27517
27519
27617
27639
27640
27656
27659
27663
27681
27682
27685
27721
27724
27745
27787
27827
27835
27838
27845
27848
27865
27880
27891
27901
27948
27958
27960
27963
27978
28012
28020
28064
28071
28145
28151
28242
28246
28273
28274
28309
28368
28390
28493
28553
28575
28593
28641
28702
28727
28758
28759
28818
28878
28882
28886
28924
28926
28934
28935
28960
29002
29073
29092
29110
29114
29128
29158
29159
29161
29185
29240
29255
29259
29266
29269
29271
29294
29296
29298
29299
29303
29341
29349
29355
29383
29404
29408
29440
29443
29445
29450
29452
29459
29463
29477
29490
29506
29512
29533
29568
29572
29576
29590
29601
29620
29634
29639
29720
29734
29739
29744
29759
29784
29795
29799
29811
29817
29829
29843
29910
29915
29922
29931
29932
29945
29946
29976
29983
30029
30037
30082
30105
30122
30126
30136
30147
30152
30160
30248
30313
30346
30379
30399
30406
30411
30428
30429
30434
30443
30444
30450
30508
30509
30517
30527
30529
30537
30562
30567
30570
30597
30607
30629
30630
30656
30657
30659
30664
30667
30674
30678
30715
30732
30753
30788
30789
30798
30844
30849
30852
30853
30864
30872
30874
30895
30912
30932
30934
30958
30967
30971
30972
30974
30976
31019
31025
31076
31115
31134
31183
31189
31233
31258
31276
31316
31399
31421
31589
31591
31624
31670
31696
31701
31704
31709
31719
31805
31821
31869
31920
31927
31950
31951
31965
31971
31975
32023
32025
32029
32030
32045
32061
32068
32070
32106
32145
32166
32350
32399
32449
32450
32481
32524
32528
32577
32596
32602
32646
32647
32691
32697
32698
32699
32700
32702
32703
32704
32706
32707
32709
32722
